0 55.4719852 10.324826 0.028
340422982 55.4719852 10.3248261 0.023
329791245 55.4719851 10.324826 0.02
329762674 55.4719851 10.324826 0.017
330363041 55.4719851 10.3248259 0.014
339879865 55.4719851 10.3248258 0.014
329762711 55.4719851 10.3248257 0.015
330210556 55.471985 10.3248257 0.015
339876173 55.471985 10.3248256 0.014
329957260 55.471985 10.3248256 0.015
340230383 55.4719849 10.3248256 0.017
329728584 55.4719849 10.3248255 0.02
330098467 55.4719849 10.3248255 0.026
330172225 55.4719849 10.3248255 0.033
339863619 55.4719849 10.3248255 0.038
329872792 55.4719848 10.3248255 0.042
330465392 55.4719848 10.3248254 0.04
339617586 55.4719848 10.3248254 0.041
329951005 55.4719848 10.3248254 0.042
330364348 55.4719847 10.3248254 0.049
339647145 55.4719847 10.3248254 0.074
341080661 55.4719845 10.3248255 0.23
319257212 55.4719842 10.3248256 0.557
339830576 55.4719839 10.3248257 0.911
329886624 55.4719837 10.3248257 1.277
340256678 55.4719836 10.3248258 1.641
329820287 55.4719836 10.3248258 2.001
330694079 55.4719836 10.3248258 2.356
329405061 55.4719837 10.3248258 2.723
339825205 55.4719838 10.3248258 3.058
329979469 55.4719839 10.3248257 3.338
329894834 55.471984 10.3248256 3.595
339991725 55.4719842 10.3248256 3.857
330129716 55.4719844 10.3248255 4.121
339977007 55.4719846 10.3248254 4.392
329896253 55.4719847 10.3248253 4.663
330714179 55.4719848 10.3248252 4.943
339672652 55.4719849 10.324825 5.218
329594700 55.471985 10.3248249 5.5
330219934 55.471985 10.3248247 5.786
329933984 55.471985 10.3248247 6.079
340156374 55.471985 10.3248247 6.373
329778389 55.4719851 10.3248247 6.661
340614461 55.4719851 10.3248247 6.957
329631345 55.4719851 10.3248247 7.259
329973324 55.4719851 10.3248247 7.56
340432544 55.471985 10.3248246 7.856
329317634 55.471985 10.3248246 8.155
340142118 55.471985 10.3248247 8.466
320018882 55.471985 10.3248248 8.767
339864972 55.471985 10.3248249 9.08
330552173 55.471985 10.3248249 9.388
329614691 55.471985 10.324825 9.699
339792061 55.471985 10.324825 10.014
330581310 55.471985 10.3248251 10.327
340066985 55.471985 10.3248251 10.635
329941795 55.471985 10.3248251 10.951
329977145 55.471985 10.3248251 11.262
339823117 55.471985 10.3248251 11.587
329599188 55.4719851 10.3248251 11.91
330358704 55.4719851 10.3248251 12.232
329815926 55.4719851 10.3248252 12.553
339790044 55.4719852 10.3248252 12.881
330670750 55.4719853 10.3248253 13.212
329623095 55.4719853 10.3248253 13.553
340308226 55.4719853 10.3248254 13.888
329794223 55.4719854 10.3248254 14.241
340432299 55.4719854 10.3248254 14.615
329264426 55.4719854 10.3248254 14.982
330586193 55.4719854 10.3248253 15.365
329526140 55.4719854 10.3248253 15.719
339811360 55.4719854 10.3248252 16.051
330165027 55.4719854 10.3248251 16.353
340211419 55.4719854 10.3248249 16.619
329642326 55.4719854 10.3248247 16.897
330637651 55.4719854 10.3248246 17.168
329397034 55.4719854 10.3248246 17.448
340041079 55.4719854 10.3248248 17.756
340227577 55.4719852 10.3248253 18.096
330140706 55.471985 10.324826 18.465
329638220 55.4719848 10.3248267 18.809
330387776 55.4719846 10.3248276 19.162
329559568 55.4719844 10.3248283 19.486
339979897 55.4719843 10.324829 19.813
330097231 55.4719843 10.3248297 20.166
329877836 55.4719843 10.32483 20.516
340035039 55.4719842 10.3248304 20.875
330022087 55.4719842 10.3248307 21.225
329969337 55.4719843 10.3248307 21.576
339999897 55.4719842 10.324831 21.776
330082824 55.4719843 10.3248311 21.978
330152637 55.4719843 10.3248311 22.444
339757639 55.4719844 10.3248311 23.003
330043302 55.4719844 10.324831 23.586
330053079 55.4719844 10.3248309 24.167
340193686 55.4719844 10.3248307 24.735
329785932 55.4719845 10.3248303 25.301
330061527 55.4719845 10.32483 25.89
340706986 55.4719846 10.3248295 26.493
329266286 55.4719846 10.3248292 27.142
329919046 55.4719847 10.3248287 27.747
340187770 55.4719848 10.3248284 28.314
330184388 55.471985 10.3248279 28.87
339751484 55.4719851 10.3248274 29.421
329998748 55.4719853 10.324827 29.996
329929281 55.4719854 10.3248265 30.594
329913187 55.4719855 10.324826 31.199
340059946 55.4719857 10.3248256 31.831
330105380 55.4719858 10.3248251 32.463
329968520 55.4719859 10.3248246 33.093
339887059 55.4719859 10.3248242 33.711
330023073 55.471986 10.3248237 34.343
329987221 55.471986 10.3248233 34.958
342391970 55.4719861 10.324823 35.589
327697483 55.4719861 10.3248228 36.225
330263279 55.4719861 10.3248226 36.838
340316730 55.4719861 10.3248224 37.458
329740996 55.4719861 10.3248223 38.071
329908523 55.4719861 10.3248223 38.668
340178016 55.4719861 10.3248222 39.134
329554582 55.4719861 10.3248222 39.396
329983854 55.4719861 10.3248222 39.575
340718493 55.4719861 10.3248222 39.701
329241479 55.4719862 10.3248224 39.822
340314536 55.4719862 10.3248224 39.94
330161264 55.4719862 10.3248225 40.058
329586056 55.4719863 10.3248226 40.174
329985767 55.4719863 10.3248226 40.283
340319222 55.4719862 10.3248226 40.395
329714197 55.4719862 10.3248226 40.437
329957231 55.4719862 10.3248226 40.439
340399432 55.4719862 10.3248228 40.443
329641660 55.4719868 10.3248247 40.461
329880561 55.4719881 10.3248299 40.451
340403693 55.4719899 10.3248368 40.418
329697155 55.4719916 10.3248435 40.389
329963104 55.4719934 10.3248501 40.364
340059454 55.4719949 10.3248562 40.344
329930448 55.471996 10.3248613 40.333
329934689 55.4719966 10.3248658 40.331
340377648 55.471997 10.3248699 40.329
329850769 55.4719971 10.3248748 40.327
329806202 55.471997 10.3248805 40.314
340086375 55.4719967 10.3248866 40.308
329969733 55.4719963 10.3248936 40.303
329987642 55.4719957 10.3249016 40.296
340670032 55.4719951 10.3249096 40.29
329316058 55.4719943 10.3249177 40.282
330041882 55.4719935 10.3249264 40.274
340451172 55.4719926 10.3249347 40.26
329604384 55.4719919 10.324942 40.253
329910805 55.4719914 10.3249471 40.254
340434533 55.4719909 10.3249504 40.261
329554452 55.4719906 10.3249529 40.281
329955547 55.4719901 10.324956 40.319
340485091 55.4719893 10.3249627 40.357
329650795 55.4719884 10.3249734 40.367
330649860 55.4719876 10.3249854 40.359
339760868 55.4719869 10.3249981 40.35
329502688 55.4719862 10.3250106 40.329
330180997 55.4719857 10.3250211 40.311
340307931 55.4719854 10.3250294 40.305
330167086 55.4719851 10.3250345 40.308
329543877 55.4719849 10.3250386 40.312
340088073 55.4719846 10.3250417 40.317
329708765 55.4719844 10.3250441 40.324
330412577 55.4719842 10.3250457 40.33
340153645 55.4719841 10.3250467 40.342
329436360 55.4719841 10.3250473 40.352
330183764 55.4719841 10.3250474 40.36
340624778 55.4719842 10.3250471 40.367
329204771 55.4719845 10.3250466 40.375
340415212 55.4719847 10.3250459 40.388
329701836 55.4719851 10.325045 40.399
330603928 55.4719854 10.3250441 40.405
329884045 55.4719857 10.3250431 40.411
339389774 55.4719864 10.3250426 40.428
330052989 55.4719886 10.325044 40.452
340110974 55.4719931 10.3250471 40.479
330293205 55.4719994 10.3250513 40.471
329551374 55.4720061 10.3250555 40.451
330298668 55.4720131 10.3250584 40.414
340018083 55.4720188 10.3250606 40.38
329587982 55.4720227 10.325062 40.371
330049138 55.4720261 10.3250623 40.367
339991221 55.4720293 10.3250616 40.364
330151575 55.4720323 10.3250601 40.365
330284406 55.4720354 10.3250579 40.374
339684501 55.4720392 10.3250548 40.378
329966430 55.4720435 10.3250511 40.375
330362170 55.4720478 10.3250472 40.369
340160625 55.4720521 10.3250431 40.358
329399247 55.4720565 10.3250388 40.351
330194345 55.4720608 10.3250343 40.359
340429346 55.472065 10.3250291 40.364
339838050 55.4720692 10.3250235 40.369
319766241 55.4720734 10.3250176 40.372
329941954 55.4720776 10.3250114 40.373
340174584 55.4720818 10.3250048 40.376
329761262 55.472086 10.3249983 40.38
329899088 55.4720901 10.3249918 40.382
340224624 55.4720943 10.3249853 40.384
330053483 55.4720983 10.3249788 40.388
329745648 55.4721024 10.3249722 40.394
339987413 55.4721066 10.3249654 40.395
330079713 55.4721108 10.3249585 40.397
339911674 55.4721149 10.3249515 40.402
330133094 55.472119 10.3249442 40.404
330090145 55.4721229 10.3249369 40.404
340409352 55.4721267 10.3249293 40.403
340627395 55.4721304 10.3249218 40.414
318754683 55.472134 10.3249139 40.42
340108271 55.4721376 10.3249056 40.428
331026966 55.4721415 10.3248962 40.439
329181295 55.4721457 10.3248855 40.441
329672608 55.4721503 10.3248748 40.44
340409269 55.4721554 10.3248643 40.447
329701953 55.4721607 10.3248548 40.438
329864980 55.4721665 10.3248455 40.425
340911067 55.4721725 10.3248366 40.406
339629276 55.4721786 10.3248278 40.394
329665464 55.4721849 10.3248196 40.463
332410252 55.4721914 10.3248114 40.565
327575228 55.4721979 10.3248037 40.659
340723435 55.4722046 10.3247961 40.758
339680569 55.4722114 10.3247888 40.883
319882703 55.4722183 10.3247818 41.014
339637819 55.4722253 10.3247755 41.165
330238164 55.4722322 10.3247698 41.327
329712704 55.4722395 10.3247648 41.51
339974038 55.4722469 10.3247603 41.712
330465421 55.4722544 10.3247564 41.956
329639511 55.4722619 10.3247529 42.222
329839403 55.4722695 10.3247497 42.491
341167192 55.472277 10.3247466 42.773
329018007 55.4722845 10.3247435 43.058
340121990 55.472292 10.3247404 43.179
330188965 55.4723 10.3247368 43.146
334892162 55.4723075 10.3247335 43.117
334710320 55.4723151 10.3247302 43.093
330770121 55.4723224 10.3247269 43.082
329284011 55.4723297 10.3247239 43.079
329898416 55.4723371 10.3247208 43.053
340161558 55.4723445 10.3247177 43.042
330290756 55.4723517 10.3247145 43.048
339607119 55.4723589 10.3247105 43.039
331032307 55.4723658 10.3247062 43.041
339522867 55.472373 10.324701 43.038
329399176 55.4723801 10.3246956 43.046
330670708 55.4723872 10.3246896 43.048
329909033 55.4723941 10.3246832 43.024
342562166 55.472401 10.3246764 42.989
329644600 55.4724077 10.3246693 42.947
327374856 55.4724142 10.3246621 42.914
329817867 55.4724208 10.3246546 42.882
341011087 55.4724273 10.3246471 42.856
329160273 55.4724338 10.3246392 42.828
339936700 55.4724402 10.3246311 42.796
330559790 55.4724466 10.3246228 42.768
329304644 55.472453 10.3246144 42.746
329985996 55.4724596 10.3246059 42.745
340239740 55.4724661 10.3245976 42.752
329761205 55.4724728 10.3245891 42.758
330044754 55.4724793 10.3245805 42.76
340723505 55.4724859 10.3245716 42.761
329293513 55.4724924 10.3245627 42.761
329955228 55.4724988 10.3245541 42.768
342127495 55.4725054 10.3245455 42.778
337908496 55.4725122 10.3245372 42.79
320456279 55.4725189 10.3245295 42.777
340196305 55.4725256 10.324522 42.74
329358523 55.4725323 10.3245144 42.666
330119186 55.472539 10.3245069 42.585
339981275 55.4725455 10.3244996 42.523
329862094 55.4725522 10.3244924 42.483
340444322 55.4725589 10.3244856 42.455
329549689 55.4725662 10.3244787 42.432
330065353 55.4725732 10.3244723 42.413
340086665 55.4725806 10.3244657 42.394
330375703 55.4725878 10.3244595 42.362
329463315 55.4725937 10.3244539 42.333
340235038 55.4725987 10.3244491 42.342
330341016 55.4726042 10.3244441 42.323
329440929 55.4726087 10.3244397 42.332
340504626 55.472613 10.3244356 42.331
329503214 55.4726165 10.3244321 42.336
330007115 55.4726202 10.3244285 42.345
340463260 55.4726237 10.3244249 42.336
330729337 55.4726265 10.3244221 42.332
329717667 55.472629 10.3244195 42.326
339544404 55.4726314 10.3244172 42.33
329721376 55.4726337 10.3244148 42.337
340616536 55.4726358 10.3244127 42.344
329253242 55.4726378 10.3244107 42.348
329999934 55.4726397 10.3244087 42.355
330309831 55.4726415 10.3244068 42.36
339945223 55.4726429 10.3244053 42.363
329696235 55.4726439 10.3244042 42.356
330118341 55.4726447 10.3244033 42.309
340030609 55.4726452 10.3244027 42.24
330140914 55.4726455 10.3244024 42.167
329773426 55.4726455 10.3244022 42.082
340230937 55.4726459 10.3244013 41.994
329751362 55.4726473 10.324397 41.899
330434831 55.4726496 10.3243885 41.81
339675434 55.4726527 10.3243756 41.691
329838696 55.472656 10.3243614 41.558
330015661 55.4726593 10.3243462 41.378
340197388 55.4726625 10.3243309 41.141
329763389 55.4726646 10.3243185 40.936
330038397 55.4726655 10.3243049 40.736
340310385 55.4726647 10.3242913 40.516
330495228 55.4726626 10.3242789 40.305
329742995 55.4726593 10.3242669 40.097
329480990 55.4726554 10.3242545 39.883
339967477 55.4726512 10.3242424 39.672
329963587 55.4726467 10.3242299 39.45
340669237 55.472642 10.3242173 39.255
329362610 55.4726373 10.3242051 39.142
330043249 55.4726325 10.324193 39.056
330001446 55.4726276 10.3241806 38.97
339963456 55.4726227 10.3241679 38.897
330087193 55.4726179 10.324155 38.816
339897814 55.472613 10.3241418 38.729
330966232 55.4726083 10.3241286 38.65
329355094 55.4726033 10.324115 38.56
339690044 55.472598 10.3241015 38.471
329986726 55.4725925 10.3240888 38.399
331265680 55.4725868 10.3240761 38.366
338771940 55.4725809 10.3240634 38.349
330021357 55.472575 10.3240508 38.332
330668300 55.4725692 10.3240385 38.317
340227217 55.472563 10.3240256 38.31
329128420 55.4725569 10.3240132 38.308
330099601 55.4725503 10.3240003 38.305
330042295 55.4725438 10.323988 38.303
340032502 55.4725368 10.3239755 38.307
330129031 55.4725298 10.3239631 38.407
329697197 55.4725229 10.3239511 38.537
339986468 55.4725157 10.3239387 38.666
340014792 55.472509 10.3239264 38.797
329950148 55.4725021 10.323913 38.926
329992013 55.4724954 10.3239 39.057
330537276 55.4724886 10.3238864 39.192
330445706 55.4724817 10.3238727 39.324
339012234 55.4724748 10.3238588 39.458
330478824 55.4724679 10.3238451 39.591
329552304 55.4724611 10.3238315 39.724
339991712 55.4724541 10.3238176 39.862
330045945 55.4724471 10.3238036 40.0
330061315 55.4724401 10.3237893 40.151
340013595 55.4724336 10.3237742 40.321
330139257 55.4724275 10.3237587 40.537
329693824 55.4724218 10.3237425 40.761
340068853 55.4724162 10.3237259 40.91
330347188 55.4724107 10.3237091 40.913
329586246 55.4724052 10.3236924 40.904
340002091 55.4723998 10.3236757 40.903
330549433 55.4723944 10.3236591 40.9
329436891 55.472389 10.3236423 40.905
340029676 55.4723837 10.3236255 40.914
340593388 55.472379 10.3236078 40.917
329617799 55.4723748 10.3235894 40.917
329843924 55.472371 10.3235714 40.91
330647769 55.4723673 10.3235531 40.902
329295945 55.4723635 10.3235347 40.902
351055311 55.4723598 10.3235167 40.893
319190965 55.472356 10.3234981 40.884
339784579 55.4723523 10.3234797 40.881
330026536 55.4723487 10.3234613 40.877
330475009 55.4723452 10.3234431 40.87
329423628 55.4723414 10.3234246 40.869
340494403 55.472337 10.3234067 40.871
329952825 55.4723323 10.3233887 40.866
329536501 55.4723273 10.3233715 40.87
340428917 55.4723222 10.3233542 40.871
329801493 55.472317 10.3233368 40.869
329859535 55.4723117 10.3233194 40.863
340469068 55.4723064 10.3233024 40.857
330438770 55.472301 10.3232854 40.854
329004331 55.4722955 10.3232683 40.85
340204483 55.4722901 10.3232516 40.847
330098883 55.4722845 10.3232346 40.846
329704657 55.4722789 10.3232175 40.844
340013176 55.4722732 10.3232003 40.84
330148192 55.4722675 10.3231835 40.848
329874709 55.4722614 10.3231673 40.856
341399286 55.4722548 10.3231511 40.861
328702093 55.4722481 10.3231357 40.863
329865223 55.4722412 10.32312 40.864
340245531 55.4722339 10.3231048 40.876
330103057 55.4722264 10.32309 40.88
329757708 55.4722185 10.3230763 40.892
340477656 55.4722104 10.323063 40.889
329612957 55.4722023 10.3230502 40.896
329845086 55.4721942 10.3230372 40.901
340806212 55.472186 10.323024 40.9
329186608 55.4721784 10.3230105 40.907
330010558 55.4721713 10.3229953 40.911
340539516 55.4721648 10.3229796 40.928
330114347 55.4721595 10.3229623 40.933
330286631 55.4721552 10.3229446 40.932
339321910 55.4721511 10.3229263 40.932
329712512 55.4721472 10.3229082 40.933
330089639 55.4721434 10.32289 40.932
340269453 55.4721395 10.322872 40.934
340067774 55.4721356 10.3228539 40.925
319653613 55.4721317 10.3228358 40.922
340540463 55.4721275 10.3228177 40.919
329493357 55.4721234 10.3228 40.905
329911836 55.4721191 10.3227823 40.898
340055738 55.4721146 10.322764 40.883
330712704 55.47211 10.3227469 40.876
339192136 55.4721051 10.3227294 40.866
320068307 55.4721002 10.3227122 40.864
339956259 55.4720957 10.3226944 40.856
330073600 55.4720915 10.3226764 40.847
340350915 55.4720874 10.3226588 40.846
329765292 55.472083 10.3226409 40.858
329930524 55.4720782 10.3226234 40.862
340190302 55.4720728 10.3226068 40.856
329715133 55.4720673 10.3225899 40.846
330249798 55.4720618 10.3225734 40.832
339777016 55.4720562 10.3225568 40.824
329951415 55.4720508 10.3225409 40.798
339976998 55.4720463 10.3225275 40.821
330298297 55.4720421 10.3225148 40.812
329857127 55.4720391 10.3225058 40.831
330576279 55.4720366 10.3224981 40.846
339860877 55.4720341 10.3224906 40.874
329439723 55.4720314 10.3224822 40.872
330363915 55.472029 10.3224751 40.874
339602968 55.4720269 10.3224689 40.871
329973420 55.4720248 10.3224631 40.868
330505227 55.472023 10.3224577 40.866
339589583 55.4720212 10.3224524 40.863
329935605 55.4720196 10.3224474 40.861
330043816 55.472018 10.3224426 40.854
340218304 55.4720165 10.3224379 40.852
329837017 55.472015 10.3224333 40.844
330576536 55.4720137 10.3224292 40.844
339370083 55.4720123 10.3224251 40.846
329959115 55.472011 10.3224212 40.847
329991100 55.4720098 10.3224175 40.845
340011957 55.4720086 10.322414 40.851
329957608 55.4720068 10.322411 40.874
330542124 55.4720034 10.3224092 40.882
339676516 55.4719996 10.3224079 40.891
330354187 55.4719954 10.322407 40.896
339559582 55.4719916 10.3224064 40.887
319920021 55.4719889 10.3224051 40.882
339962225 55.4719869 10.3224035 40.882
330624748 55.4719853 10.3224022 40.884
339569294 55.4719839 10.3224013 40.891
329854226 55.4719827 10.3224006 40.897
330583841 55.4719818 10.3224 40.918
339435218 55.471981 10.3223991 40.939
330291924 55.47198 10.3223999 40.964
340051873 55.4719787 10.3224016 40.981
329630646 55.4719771 10.3224033 40.99
329991995 55.4719753 10.3224056 40.989
329982395 55.4719735 10.3224078 40.997
331155632 55.471972 10.3224092 41.007
340914574 55.4719704 10.322411 41.01
328624361 55.4719688 10.3224132 41.012
350013895 55.4719673 10.3224154 41.013
319633303 55.4719656 10.3224181 41.01
329748079 55.4719639 10.3224213 41.009
329921428 55.471962 10.3224255 40.999
340129558 55.4719598 10.3224304 40.986
330372087 55.4719577 10.3224356 40.97
339778198 55.4719554 10.3224414 40.954
329790601 55.4719531 10.3224474 40.937
329889474 55.4719506 10.3224536 40.92
340164518 55.4719478 10.3224594 40.892
330341799 55.4719447 10.3224652 40.851
329541209 55.4719414 10.3224709 40.808
340088239 55.4719381 10.3224767 40.763
330590662 55.4719349 10.3224823 40.718
329933824 55.4719315 10.3224884 40.666
339370828 55.4719281 10.3224944 40.62
330438014 55.4719247 10.3225004 40.578
340103609 55.471921 10.3225071 40.534
329458352 55.4719168 10.3225149 40.486
330457934 55.4719124 10.3225232 40.439
329850802 55.4719074 10.3225326 40.393
339718956 55.4719022 10.3225428 40.354
330602546 55.4718966 10.3225536 40.314
340004874 55.4718902 10.3225661 40.276
319377640 55.4718836 10.3225794 40.214
340592323 55.4718771 10.3225921 40.153
329487874 55.4718705 10.3226049 40.09
329961473 55.4718639 10.3226176 40.034
340575567 55.4718571 10.32263 39.985
329374214 55.4718501 10.3226422 39.937
340173975 55.4718427 10.3226541 39.887
330116681 55.4718353 10.3226655 39.84
329911650 55.4718276 10.3226765 39.798
339883784 55.4718194 10.3226878 39.758
330310535 55.4718116 10.3226986 39.742
329690191 55.4718035 10.3227097 39.726
339973300 55.4717954 10.3227209 39.725
330526163 55.4717873 10.3227318 39.746
329383363 55.4717791 10.3227429 39.734
330057677 55.4717707 10.3227541 39.711
339987897 55.4717625 10.3227649 39.704
329968260 55.4717539 10.3227758 39.708
340349953 55.4717448 10.3227866 39.699
330063533 55.4717354 10.3227969 39.695
329686372 55.4717255 10.3228073 39.686
339917268 55.4717154 10.3228171 39.688
330405964 55.4717054 10.3228262 39.692
329593164 55.4716949 10.322835 39.688
330040075 55.4716846 10.3228433 39.681
341200736 55.4716741 10.3228516 39.678
328836449 55.4716635 10.3228598 39.679
330088679 55.471653 10.3228678 39.682
340114384 55.471642 10.3228761 39.685
329782324 55.4716313 10.322884 39.684
329986555 55.4716202 10.322892 39.687
340395422 55.4716093 10.3228991 39.681
329572263 55.4715979 10.3229062 39.679
330239479 55.4715869 10.322913 39.673
340244152 55.4715755 10.32292 39.68
329521365 55.4715643 10.3229274 39.686
330454852 55.4715531 10.3229348 39.676
339997165 55.4715416 10.3229424 39.673
329541137 55.4715305 10.3229497 39.667
339994824 55.471519 10.3229572 39.661
330550926 55.4715079 10.3229647 39.668
329441269 55.4714965 10.3229725 39.67
341344001 55.4714853 10.3229803 39.672
328699158 55.4714742 10.3229881 39.67
329975921 55.4714628 10.322996 39.668
330329800 55.4714517 10.3230038 39.644
340173990 55.4714418 10.3230111 39.62
330228944 55.4714339 10.3230172 39.603
329310210 55.4714286 10.3230215 39.636
340422836 55.4714226 10.3230264 39.676
329530003 55.471415 10.3230324 39.7
330150932 55.4714065 10.323039 39.697
340276173 55.4713981 10.3230455 39.693
329555642 55.4713894 10.3230523 39.686
330065397 55.4713808 10.323059 39.685
340086265 55.4713723 10.3230656 39.681
329923040 55.4713637 10.3230725 39.682
330139003 55.4713554 10.3230793 39.685
339799415 55.471347 10.3230863 39.681
330002118 55.4713393 10.3230928 39.687
329992611 55.4713325 10.3230986 39.689
340077961 55.4713275 10.3231032 39.703
329939462 55.4713235 10.3231072 39.714
330098497 55.47132 10.3231109 39.727
340005633 55.4713168 10.3231146 39.74
329877487 55.4713137 10.323118 39.75
340111895 55.4713109 10.3231213 39.767
330067713 55.4713086 10.323126 39.793
329873212 55.4713074 10.3231333 39.802
340013559 55.4713072 10.3231422 39.805
330398052 55.4713077 10.3231517 39.806
330074970 55.471309 10.3231609 39.799
329532007 55.4713105 10.323169 39.795
339875646 55.4713122 10.3231756 39.8
330085988 55.4713142 10.3231811 39.803
329949913 55.4713156 10.3231856 39.818
340069430 55.4713154 10.3231893 39.828
330656058 55.471315 10.323192 39.847
339427972 55.4713155 10.3231933 39.869
329886234 55.4713173 10.3231923 39.87
330125716 55.4713193 10.32319 39.863
340004506 55.4713216 10.3231865 39.849
329884818 55.471324 10.3231826 39.836
330104727 55.4713265 10.3231788 39.842
339892839 55.4713292 10.3231759 39.835
319928802 55.4713319 10.3231747 39.821
340176341 55.4713333 10.3231748 39.818
330055427 55.4713335 10.3231753 39.822
339820171 55.4713332 10.3231761 39.835
330222809 55.4713327 10.3231768 39.869
329844259 55.4713322 10.3231774 40.085
329881364 55.4713317 10.3231784 40.348
340277283 55.4713313 10.3231825 40.612
330852843 55.4713311 10.323189 40.827
339501250 55.4713313 10.3231961 41.022
329775300 55.4713322 10.3232034 41.165
339939438 55.4713342 10.3232097 41.277
329759615 55.4713372 10.3232146 41.381
330420548 55.4713408 10.3232187 41.468
329651346 55.4713448 10.3232224 41.558
339959054 55.4713492 10.323226 41.65
330343634 55.4713537 10.3232295 41.738
340296337 55.4713584 10.3232329 41.829
329493260 55.4713633 10.3232365 41.927
329942643 55.4713683 10.3232401 42.024
360162236 55.4713735 10.3232438 42.084
310344500 55.4713789 10.323248 42.204
329731170 55.4713843 10.3232527 42.36
329641971 55.4713894 10.3232581 42.491
339981051 55.4713944 10.3232644 42.527
330495361 55.4713989 10.3232719 42.561
339917364 55.4714031 10.3232803 42.542
319509368 55.471407 10.3232888 42.478
340498535 55.4714109 10.3232974 42.413
329611498 55.4714149 10.3233064 42.4
340152325 55.4714192 10.3233159 42.366
330116277 55.4714234 10.3233254 42.311
329736875 55.4714278 10.3233353 42.231
339950321 55.4714321 10.3233452 42.153
330555932 55.4714366 10.3233554 42.072
329504484 55.471441 10.3233654 41.974
340277029 55.4714455 10.3233758 41.846
329799428 55.4714499 10.3233861 41.713
339923294 55.4714544 10.3233965 41.575
329947551 55.4714588 10.3234066 41.422
330610786 55.4714634 10.3234173 41.249
329522018 55.4714679 10.3234278 41.056
340399360 55.4714723 10.3234382 40.881
330076472 55.4714768 10.3234494 40.735
329420048 55.471481 10.3234608 40.592
339951971 55.471485 10.3234729 40.459
330089835 55.4714889 10.3234849 40.333
329954219 55.4714928 10.3234972 40.199
330011535 55.4714967 10.3235097 40.063
340348146 55.4715005 10.3235222 39.927
329643568 55.4715043 10.323535 39.79
340104152 55.471508 10.3235482 39.647
329850644 55.4715117 10.3235612 39.516
329999370 55.4715155 10.3235747 39.399
340187627 55.4715196 10.3235898 39.303
329781869 55.4715244 10.3236087 39.219
330028498 55.4715301 10.3236325 39.148
340116246 55.4715366 10.323661 39.052
330102628 55.4715434 10.3236921 38.952
329735209 55.4715507 10.3237252 38.84
340064937 55.471558 10.3237591 38.714
330280457 55.4715657 10.3237945 38.584
340650952 55.4715734 10.3238294 38.463
329596113 55.4715817 10.3238651 38.355
329611782 55.4715906 10.3238997 38.261
340146408 55.4715999 10.3239336 38.161
330018406 55.4716095 10.3239675 38.064
330277131 55.4716189 10.3240006 37.959
329739561 55.4716286 10.3240341 37.864
340122341 55.4716384 10.3240678 37.812
329508815 55.4716482 10.3241018 37.779
330080113 55.4716582 10.324136 37.749
340447001 55.4716678 10.3241691 37.718
329490204 55.4716776 10.3242029 37.695
330024832 55.4716876 10.3242369 37.681
340318636 55.4716976 10.3242709 37.674
329828916 55.4717074 10.3243041 37.67
329858564 55.4717172 10.3243375 37.665
340480959 55.4717273 10.3243714 37.668
329619001 55.4717374 10.3244051 37.694
329959817 55.4717475 10.3244389 37.726
340702482 55.4717576 10.3244724 37.799
329426875 55.4717677 10.3245062 37.891
329839900 55.4717784 10.3245415 37.992
330409277 55.4717881 10.3245737 38.1
339774191 55.4717979 10.3246063 38.229
329733111 55.4718075 10.3246382 38.315
340442899 55.4718172 10.3246698 38.361
329665270 55.4718266 10.3246998 38.466
330044526 55.4718354 10.3247274 38.669
340789702 55.4718437 10.3247529 38.891
329156805 55.4718509 10.3247745 39.206
330429597 55.4718582 10.3247968 39.54
339870083 55.4718664 10.324822 39.855
329648330 55.4718743 10.3248461 40.2
330014477 55.4718829 10.3248701 40.565
329990367 55.4718919 10.3248915 40.867
340300885 55.471902 10.3249107 41.165
340190390 55.4719127 10.3249267 41.395
329888703 55.4719221 10.3249393 41.624
329718834 55.4719318 10.3249502 41.914
330289711 55.4719438 10.3249599 42.164
340125162 55.4719563 10.324968 42.407
329508327 55.4719688 10.3249742 42.631
330388489 55.4719804 10.3249781 42.795
340194835 55.4719905 10.3249803 42.998
329493714 55.4719987 10.3249794 43.176
339890840 55.4720048 10.3249764 43.335
330237675 55.4720086 10.3249726 43.512
329792108 55.4720102 10.3249696 43.663
340277927 55.4720098 10.3249688 43.744
330256426 55.4720084 10.3249713 43.81
329480859 55.4720074 10.3249765 43.842
330129682 55.4720084 10.3249824 43.845
340571416 55.4720104 10.3249872 43.844
329231287 55.4720128 10.324992 43.837
330401783 55.4720153 10.3249969 43.812
329905704 55.4720176 10.3250015 43.76
339780278 55.4720199 10.3250062 43.701
330477181 55.4720222 10.3250106 43.652
329477867 55.4720246 10.3250148 43.619
339951280 55.472027 10.3250184 43.578
330255552 55.4720291 10.3250186 43.552
329923145 55.472031 10.3250146 43.527
339922727 55.4720327 10.3250085 43.487
339973683 55.472034 10.325001 43.451
330014359 55.4720346 10.3249935 43.418
329864935 55.4720345 10.324986 43.381
340562041 55.472034 10.324979 43.34
319539435 55.4720333 10.3249721 43.296
340165914 55.4720323 10.3249652 43.252
330405918 55.4720312 10.3249582 43.205
329953648 55.4720299 10.3249508 43.17
339449498 55.4720281 10.3249419 43.13
333875929 55.472026 10.3249321 43.072
326139381 55.4720238 10.3249221 43.004
339972790 55.4720214 10.3249118 42.94
340295668 55.4720189 10.3249012 42.87
319758112 55.4720164 10.3248907 42.782
339932409 55.4720137 10.3248801 42.611
340167156 55.4720111 10.3248709 42.356
319904097 55.4720094 10.3248641 42.017
339900439 55.4720086 10.3248602 41.685
330575148 55.4720082 10.3248575 41.349
329533319 55.472008 10.3248557 41.01
339923749 55.4720079 10.3248545 40.682
330368607 55.4720079 10.3248538 40.349
330365458 55.4720079 10.3248534 40.028
339337129 55.472008 10.3248534 39.698
330532216 55.472008 10.3248534 39.387
329391829 55.472008 10.3248536 39.148
340023274 55.472008 10.3248539 38.85
330377874 55.4720081 10.3248544 38.522
339838304 55.4720082 10.324855 38.206
329815585 55.4720084 10.3248555 37.873
329980838 55.4720085 10.3248559 37.523
340242521 55.4720086 10.3248564 37.219
329803994 55.4720087 10.3248566 36.91
330414392 55.4720088 10.3248568 36.572
339538019 55.4720088 10.324857 36.224
330025179 55.4720089 10.3248572 35.881
330348019 55.4720089 10.3248574 35.528
330187421 55.472009 10.3248575 35.18
339371256 55.472009 10.3248576 34.838
333517283 55.472009 10.3248577 34.504
336683902 55.472009 10.3248578 34.169
330154878 55.472009 10.324858 33.823
329703286 55.472009 10.3248581 33.484
340237081 55.472009 10.3248581 33.147
329826121 55.472009 10.3248582 32.809
330136283 55.472009 10.3248583 32.475
330031760 55.472009 10.3248584 32.14
339817260 55.472009 10.3248586 31.806
330099604 55.4720091 10.3248588 31.465
339827789 55.4720091 10.324859 31.123
330264614 55.472009 10.3248591 30.788
329779825 55.472009 10.3248593 30.446
329948659 55.472009 10.3248594 30.11
329960612 55.472009 10.3248594 29.779
340218264 55.472009 10.3248595 29.445
329979480 55.4720089 10.3248596 29.098
340178006 55.4720089 10.3248597 28.76
329802603 55.4720089 10.3248597 28.421
329856271 55.4720089 10.3248598 28.073
340117753 55.4720089 10.3248598 27.734
329878943 55.4720089 10.3248599 27.382
329983856 55.4720089 10.3248601 27.04
340470907 55.4720088 10.3248602 26.698
329551182 55.4720088 10.3248603 26.35
330593810 55.4720088 10.3248605 26.012
339769164 55.4720088 10.3248606 25.675
329601517 55.4720087 10.3248607 25.331
330641546 55.4720087 10.3248607 25.002
339534851 55.4720087 10.3248609 24.66
329938132 55.4720087 10.3248611 24.328
329981370 55.4720086 10.3248613 23.991
340002841 55.4720086 10.3248614 23.655
330043668 55.4720086 10.3248616 23.317
340063313 55.4720086 10.3248617 22.98
330119104 55.4720085 10.3248618 22.656
329963802 55.4720085 10.3248618 22.326
329823886 55.4720084 10.3248619 21.993
340247824 55.4720084 10.3248619 21.658
329759589 55.4720084 10.324862 21.331
330287121 55.4720084 10.324862 21.006
339777988 55.4720084 10.324862 20.677
329996960 55.4720085 10.324862 20.345
329920238 55.4720085 10.3248621 20.022
329907758 55.4720085 10.3248622 19.688
340176556 55.4720085 10.3248622 19.353
330167475 55.4720086 10.3248623 19.023
339970236 55.4720086 10.3248623 18.692
330311694 55.4720087 10.3248624 18.363
329708826 55.4720087 10.3248624 18.038
329710159 55.4720087 10.3248624 17.71
340110892 55.4720088 10.3248624 17.377
340384737 55.4720088 10.3248625 17.052
329750134 55.4720088 10.3248625 16.725
329890704 55.4720089 10.3248626 16.391
330123306 55.4720089 10.3248626 16.067
329724376 55.4720089 10.3248626 15.738
340049393 55.472009 10.3248625 15.406
330500598 55.472009 10.3248625 15.077
339522040 55.4720091 10.3248624 14.749
330788046 55.4720091 10.3248623 14.421
329352135 55.472009 10.3248621 14.083
339860152 55.472009 10.324862 13.749
330330633 55.472009 10.324862 13.412
329850319 55.472009 10.324862 13.08
329708921 55.4720089 10.3248619 12.745
340091069 55.4720089 10.3248618 12.409
330183579 55.4720089 10.3248616 12.071
329815434 55.4720088 10.3248615 11.741
340074769 55.4720088 10.3248613 11.397
330462270 55.4720088 10.3248613 11.051
339687928 55.4720087 10.3248612 10.713
329811705 55.4720087 10.3248612 10.38
330504914 55.4720086 10.3248612 10.043
339440436 55.4720086 10.3248611 9.715
329950000 55.4720085 10.3248611 9.392
330386945 55.4720084 10.3248611 9.079
340203002 55.4720083 10.3248611 8.768
329547528 55.4720083 10.3248611 8.464
330007476 55.4720082 10.324861 8.165
339880957 55.4720082 10.3248609 7.875
330018269 55.4720082 10.3248608 7.592
330605010 55.4720082 10.3248607 7.309
329334082 55.4720082 10.3248606 7.027
340010524 55.4720082 10.3248606 6.751
330584258 55.4720082 10.3248605 6.494
329509168 55.4720083 10.3248605 6.235
340052265 55.4720083 10.3248605 5.984
330430062 55.4720084 10.3248606 5.742
339415653 55.4720084 10.3248606 5.486
330162875 55.4720084 10.3248607 5.248
330807851 55.4720085 10.3248608 5.015
329150257 55.4720085 10.3248609 4.79
340445404 55.4720086 10.324861 4.57
330033942 55.4720087 10.3248611 4.345
329530321 55.4720087 10.3248611 4.122
340979486 55.4720088 10.3248611 3.896
329039258 55.4720089 10.3248612 3.669
329883991 55.4720089 10.3248613 3.443
340584911 55.472009 10.3248615 3.211
330173654 55.472009 10.3248616 2.979
329214902 55.4720091 10.3248617 2.75
340402712 55.4720091 10.3248619 2.517
329781908 55.4720091 10.324862 2.279
339854415 55.4720091 10.3248621 2.052
330460792 55.4720091 10.3248622 1.815
330055388 55.4720091 10.3248623 1.586
339486488 55.4720091 10.3248623 1.353
330444427 55.4720092 10.3248624 1.128
329765014 55.4720092 10.3248624 0.899
329754765 55.4720091 10.3248623 0.676
340119389 55.4720091 10.3248623 0.448
330635933 55.4720091 10.3248623 0.216
329302740 55.4720091 10.3248622 0.048
350025904 55.4720091 10.3248622 0.104
320791144 55.4720091 10.3248621 0.147
329526827 55.472009 10.324862 0.177
340095883 55.4720089 10.324862 0.197
329966754 55.4720089 10.324862 0.211
329624331 55.4720088 10.3248621 0.22
340705736 55.4720088 10.324862 0.22
329619760 55.4720088 10.324862 0.214
339699286 55.4720088 10.3248621 0.207
340130037 55.4720088 10.3248621 0.198
320320507 55.4720088 10.3248622 0.185
339488941 55.4720088 10.3248622 0.172
331154637 55.4720088 10.3248623 0.156
328991966 55.4720088 10.3248623 0.139
339852567 55.4720088 10.3248623 0.124
330316991 55.4720088 10.3248623 0.104
329695758 55.4720089 10.3248623 0.083
340366537 55.4720089 10.3248624 0.065
329686035 55.4720089 10.3248623 0.049
329954844 55.4720089 10.3248623 0.031
